959 533
959 93
1039 104
1101 122
1154 137
1210 170
1254 205
1293 246
1354 311
1384 389
1399 446
1406 500
1407 563
1396 614
1382 664
1351 749
1298 821
1261 862
1209 892
1154 920
1106 943
1048 961
960 964
869 954
818 938
760 921
706 896
657 856
616 816
565 753
530 674
517 616
504 562
506 506
515 445
528 393
561 309
618 245
661 205
707 169
759 139
816 116
867 102
959 407
959 348
959 292
959 239
959 177
1070 467
1122 439
1174 411
1225 382
1277 354
1065 596
1119 624
1172 653
1225 679
1275 703
959 654
959 710
959 768
959 823
959 880
850 592
795 624
747 654
695 678
642 705
847 470
799 437
743 411
694 382
643 357